 

TABULA ΙΙΙ.

DE PONDERIBUS ET NUMMIS ATHENIENSIUM
IN MENSURAS GALLICAS RECENTIORES CONVERTENDIS.

 

 

DRACHMAE. MINAE. TALENTA. PONDVS. PRETIUM.

 

 

 

G aaaaa ta-

1 ............. 4 36

2 ............. 8 72

3 ............. 13 08

4 ............. 17 40

5 ............. 21 81
6 ............. 26
7 ............. 30

8 ............. 34 oo

9 ............. 39 26

10 ............. 43 62
aureus 20 ............. 87
30 ............. 130
40 ............. 174
50 ............. 218
60 ............. 261
70 ............. 305
80 ............. 0 ο 349
90 ............. . . 392
100 1 ........ . . 436
200 2 ........ kil. 872
300 3 ........ 1 308
400 4 ........ 1 745
500 5 ........ 2 181
600 6 ........ 2 617
700 7 ........ 3 054
800 8 ........ 3 491
900 0 ........ 3 926
1 000 10 ........ [ι 362
2 000 20 ........ 8 723
3 000 30 ........ 13 087
4 000 40 ....... ¹7 45
5 000 50 ........ 21 812
6 000 60 1 20 170
12 000 120 9, 5) 350
18 000 180 3 78 525
24 000 240 4 104 700
3ο 000 300 5 130 875
36,000 360 6 157 50
42 000 420 7 183 225
48 000 480 8 ²09 4
54 000 540 q 235 57 ’)
60 000 600 10 261 5

 

